200161110001001,40
200161110001002,40
200161110001003,40
200161110001004,40
200161110001005,40
200161110001006,40
200161110001007,40
200161110001008,40
200161110001009,40
200161110001010,40
200161110001011,40
200161110001012,40
200161110001013,40
200161110001014,40
200161110001015,40
200161110001016,40
200161110001017,40
200161110001018,40
200161110001019,40
200161110001020,40
200161110001021,40
200161110001022,40
200161110001023,40
200161110001024,40
200161110001025,40
200161110002001,40
200161110002002,40
200161110002003,40
200161110002004,40
200161110002005,40
200161110002006,40
200161110002007,40
200161110002008,40
200161110002009,40
200161110002010,40
200161110002011,40
200161110002012,40
200161110002013,40
200161110002014,40
200161110002015,40
200161110002016,40
200161110002017,40
200161110002018,40
200161110002019,40
200161110002020,40
200161110002021,40
200161110002022,40
200161110002023,40
200161110002024,40
200161110002025,40
200161120001001,40
200161120001002,40
200161120001003,40
200161120001004,40
200161120001005,40
200161120001006,40
200161120001007,40
200161120001008,40
200161120001009,40
200161120001010,40
200161120001011,40
200161120001012,40
200161120001013,40
200161120001014,40
200161120001015,40
200161120001016,40
200161120001017,40
200161120001018,40
200161120001019,40
200161120001020,40
200161120001021,40
200161120001022,40
200161120001023,40
200161120001024,40
200161120001025,40
200161120002001,40
200161120002002,40
200161120002003,40
200161120002004,40
200161120002005,40
200161120002006,40
200161120002007,40
200161120002008,40
200161120002009,40
200161120002010,40
200161120002011,40
200161120002012,40
200161120002013,40
200161120002014,40
200161120002015,40
200161120002016,40
200161120002017,40
200161120002018,40
200161120002019,40
200161120002020,40
200161120002021,40
200161120002022,40
200161120002023,40
200161120002024,40
200161120002025,40
200161210003001,40
200161210003002,40
200161210003003,40
200161210003004,40
200161210003005,40
200161210003006,40
200161210003007,40
200161210003008,40
200161210003009,40
200161210003010,40
200161210003011,40
200161210003012,40
200161210003013,40
200161210003014,40
200161210003015,40
200161210003016,40
200161210003017,40
200161210003018,40
200161210003019,40
200161210003020,40
200161210003021,40
200161210003022,40
200161210003023,40
200161210003024,40
200161210003025,40
200161210003026,40
200161210003027,40
200161210003028,40
200161210003029,40
200161210003030,40
200161210003031,40
200161210003032,40
200161210003033,40
200161210003034,40
200161210003035,40
200161210003036,40
200161210003037,40
200161210003038,40
200161210003039,40
200161210003040,40
200161210003041,40
200161210003042,40
200161210003043,40
200161210003044,40
200161210003045,40
200161210003046,40
200161210003047,40
200161210003048,40
200161210003049,40
200161210003050,40
200161220003001,40
200161220003002,40
200161220003003,40
200161220003004,40
200161220003005,40
200161220003006,40
200161220003007,40
200161220003008,40
200161220003009,40
200161220003010,40
200161220003011,40
200161220003012,40
200161220003013,40
200161220003014,40
200161220003015,40
200161220003016,40
200161220003017,40
200161220003018,40
200161220003019,40
200161220003020,40
200161220003021,40
200161220003022,40
200161220003023,40
200161220003024,40
200161220003025,40
200161220003026,40
200161220003027,40
200161220003028,40
200161220003029,40
200161220003030,40
200161220003031,40
200161220003032,40
200161220003033,40
200161220003034,40
200161220003035,40
200161220003036,40
200161220003037,40
200161220003038,40
200161220003039,40
200161220003040,40
200161220003041,40
200161220003042,40
200161220003043,40
200161220003044,40
200161220003045,40
200161220003046,40
200161220003047,40
200161220003048,40
200161220003049,40
200161220003050,40
