22612100001,22612100001001,7802901
22612100001,22612100001002,7802902
22612100001,22612100001003,7802903
22612100001,22612100001004,7802904
22612100001,22612100001005,7802905
22612100001,22612100001006,7802906
22612100001,22612100001007,7802907
22612100001,22612100001008,7802908
22612100001,22612100001009,7802909
22612100001,22612100001010,7802910
22612100001,22612100001011,7802911
22612100001,22612100001012,7802912
22612100001,22612100001013,7802913
22612100001,22612100001014,7802914
22612100001,22612100001015,7802915
22612100001,22612100001016,7802916
22612100001,22612100001017,7802917
22612100001,22612100001018,7802918
22612100001,22612100001019,7802919
22612100001,22612100001020,7802920
22612100001,22612100001021,7802921
22612100001,22612100001022,7802922
22612100001,22612100001023,7802923
22612100001,22612100001024,7802924
22612100001,22612100001025,7802925
22612100001,22612100001026,7802926
22612100001,22612100001027,7802927
22612100001,22612100001028,7802928
22612100001,22612100001029,7802929
22612100001,22612100001030,7802930
22612100001,22612100001031,7802931
22612100001,22612100001032,7802932
22612100001,22612100001033,7802933
22612100001,22612100001034,7802934
22612100001,22612100001035,7802935
22612100001,22612100001036,7802936
22612100001,22612100001037,7802937
22612100001,22612100001038,7802938
22612100001,22612100001039,7802939
22612100001,22612100001040,7802940
22612100001,22612100001041,7802941
22612100001,22612100001042,7802942
22612100001,22612100001043,7802943
22612100001,22612100001044,7802944
22612100001,22612100001045,7802945
22612100001,22612100001046,7802946
22612100001,22612100001047,7802947
22612100001,22612100001048,7802948
22612100001,22612100001049,7802949
22612100001,22612100001050,7802950
22612200001,22612200001001,7802801
22612200001,22612200001002,7802802
22612200001,22612200001003,7802803
22612200001,22612200001004,7802804
22612200001,22612200001005,7802805
22612200001,22612200001006,7802806
22612200001,22612200001007,7802807
22612200001,22612200001008,7802808
22612200001,22612200001009,7802809
22612200001,22612200001010,7802810
22612200001,22612200001011,7802811
22612200001,22612200001012,7802812
22612200001,22612200001013,7802813
22612200001,22612200001014,7802814
22612200001,22612200001015,7802815
22612200001,22612200001016,7802816
22612200001,22612200001017,7802817
22612200001,22612200001018,7802818
22612200001,22612200001019,7802819
22612200001,22612200001020,7802820
22612200001,22612200001021,7802821
22612200001,22612200001022,7802822
22612200001,22612200001023,7802823
22612200001,22612200001024,7802824
22612200001,22612200001025,7802825
22612200001,22612200001026,7802826
22612200001,22612200001027,7802827
22612200001,22612200001028,7802828
22612200001,22612200001029,7802829
22612200001,22612200001030,7802830
22612200001,22612200001031,7802831
22612200001,22612200001032,7802832
22612200001,22612200001033,7802833
22612200001,22612200001034,7802834
22612200001,22612200001035,7802835
22612200001,22612200001036,7802836
22612200001,22612200001037,7802837
22612200001,22612200001038,7802838
22612200001,22612200001039,7802839
22612200001,22612200001040,7802840
22612200001,22612200001041,7802841
22612200001,22612200001042,7802842
22612200001,22612200001043,7802843
22612200001,22612200001044,7802844
22612200001,22612200001045,7802845
22612200001,22612200001046,7802846
22612200001,22612200001047,7802847
22612200001,22612200001048,7802848
22612200001,22612200001049,7802849
22612200001,22612200001050,7802850