22611100001,22611100001001,7802901
22611100001,22611100001002,7802902
22611100001,22611100001003,7802903
22611100001,22611100001004,7802904
22611100001,22611100001005,7802905
22611100001,22611100001006,7802906
22611100001,22611100001007,7802907
22611100001,22611100001008,7802908
22611100001,22611100001009,7802909
22611100001,22611100001010,7802910
22611100001,22611100001011,7802911
22611100001,22611100001012,7802912
22611100001,22611100001013,7802913
22611100001,22611100001014,7802914
22611100001,22611100001015,7802915
22611100001,22611100001016,7802916
22611100001,22611100001017,7802917
22611100001,22611100001018,7802918
22611100001,22611100001019,7802919
22611100001,22611100001020,7802920
22611100001,22611100001021,7802921
22611100001,22611100001022,7802922
22611100001,22611100001023,7802923
22611100001,22611100001024,7802924
22611100001,22611100001025,7802925
22611100001,22611100001026,7802926
22611100001,22611100001027,7802927
22611100001,22611100001028,7802928
22611100001,22611100001029,7802929
22611100001,22611100001030,7802930
22611100001,22611100001031,7802931
22611100001,22611100001032,7802932
22611100001,22611100001033,7802933
22611100001,22611100001034,7802934
22611100001,22611100001035,7802935
22611100001,22611100001036,7802936
22611100001,22611100001037,7802937
22611100001,22611100001038,7802938
22611100001,22611100001039,7802939
22611100001,22611100001040,7802940
22611100001,22611100001041,7802941
22611100001,22611100001042,7802942
22611100001,22611100001043,7802943
22611100001,22611100001044,7802944
22611100001,22611100001045,7802945
22611100001,22611100001046,7802946
22611100001,22611100001047,7802947
22611100001,22611100001048,7802948
22611100001,22611100001049,7802949
22611100001,22611100001050,7802950
22611200001,22611200001001,7802801
22611200001,22611200001002,7802802
22611200001,22611200001003,7802803
22611200001,22611200001004,7802804
22611200001,22611200001005,7802805
22611200001,22611200001006,7802806
22611200001,22611200001007,7802807
22611200001,22611200001008,7802808
22611200001,22611200001009,7802809
22611200001,22611200001010,7802810
22611200001,22611200001011,7802811
22611200001,22611200001012,7802812
22611200001,22611200001013,7802813
22611200001,22611200001014,7802814
22611200001,22611200001015,7802815
22611200001,22611200001016,7802816
22611200001,22611200001017,7802817
22611200001,22611200001018,7802818
22611200001,22611200001019,7802819
22611200001,22611200001020,7802820
22611200001,22611200001021,7802821
22611200001,22611200001022,7802822
22611200001,22611200001023,7802823
22611200001,22611200001024,7802824
22611200001,22611200001025,7802825
22611200001,22611200001026,7802826
22611200001,22611200001027,7802827
22611200001,22611200001028,7802828
22611200001,22611200001029,7802829
22611200001,22611200001030,7802830
22611200001,22611200001031,7802831
22611200001,22611200001032,7802832
22611200001,22611200001033,7802833
22611200001,22611200001034,7802834
22611200001,22611200001035,7802835
22611200001,22611200001036,7802836
22611200001,22611200001037,7802837
22611200001,22611200001038,7802838
22611200001,22611200001039,7802839
22611200001,22611200001040,7802840
22611200001,22611200001041,7802841
22611200001,22611200001042,7802842
22611200001,22611200001043,7802843
22611200001,22611200001044,7802844
22611200001,22611200001045,7802845
22611200001,22611200001046,7802846
22611200001,22611200001047,7802847
22611200001,22611200001048,7802848
22611200001,22611200001049,7802849
22611200001,22611200001050,7802850