036121000070001,3000301,7321     ,3000301,OMR30
036121000070002,3000302,5321     ,3000302,OMR30
036121000070003,3000303,5321     ,3000303,OMR30
036121000070004,3000304,5321     ,3000304,OMR30
036121000070005,3000305,7321     ,3000305,OMR30
036121000070006,3000306,7321     ,3000306,OMR30
036121000070007,3000307,7321     ,3000307,OMR30
036121000070008,3000308,7321     ,3000308,OMR30
036121000070009,3000309,7321     ,3000309,OMR30
036121000070010,3000310,7321     ,3000310,OMR30
036121000070011,3000311,7321     ,3000311,OMR30
036121000070012,3000312,7321     ,3000312,OMR30
036121000070013,3000313,7321     ,3000313,OMR30
036121000070014,3000314,7321     ,3000314,OMR30
036121000070015,3000315,7321     ,3000315,OMR30
036121000070016,3000316,7321     ,3000316,OMR30
036121000070017,3000317,7321     ,3000317,OMR30
036121000070018,3000318,7321     ,3000318,OMR30
036121000070019,3000319,7321     ,3000319,OMR30
036121000070020,3000320,3333     ,3000320,OMR30
036121000070021,3000321,3331     ,3000321,OMR30
036121000070022,3000322,3533     ,3000322,OMR30
036121000070023,3000323,3111     ,3000323,OMR30
036121000070024,3000324,3533     ,3000324,OMR30
036121000070025,3000327,3131     ,3000327,OMR30
036121000070026,3000328,3131     ,3000328,OMR30
036121000070027,3000329,3131     ,3000329,OMR30
036121000070028,3000330,3131     ,3000330,OMR30
036121000070029,3000331,3131     ,3000331,OMR30
036121000070030,3000332,3131     ,3000332,OMR30
036121000070031,3000333,3131     ,3000333,OMR30
036121000070032,3000334,3333     ,3000334,OMR30
036121000070033,3000335,1313     ,3000335,OMR30
036121000070034,3000336,1313     ,3000336,OMR30
036121000070035,3000337,1313     ,3000337,OMR30
036121000070036,3000338,1313     ,3000338,OMR30
036121000070037,3000339,1313     ,3000339,OMR30
036121000070038,3000340,1313     ,3000340,OMR30
036121000070039,3000341,1313     ,3000341,OMR30
036121000070040,3000342,1313     ,3000342,OMR30
036121000070041,3000343,1313     ,3000343,OMR30
036121000070042,3000344,1313     ,3000344,OMR30
036121000070043,3000345,1313     ,3000345,OMR30
036121000070044,3000346,1313     ,3000346,OMR30
036121000070045,3000347,1313     ,3000347,OMR30
036121000070046,3000348,1313     ,3000348,OMR30
036121000070047,3000349,1313     ,3000349,OMR30
036121000070048,3000350,1313     ,3000350,OMR30
036121000070049,3000325,8333     ,3000325,OMR30
036121000070050,3000326,9533     ,3000326,OMR30
