036122000080001,4000351,3321     ,4000351,OMR30
036122000080002,4000352,3321     ,4000352,OMR30
036122000080003,4000353,3321     ,4000353,OMR30
036122000080004,4000354,3321     ,4000354,OMR30
036122000080005,4000355,3321     ,4000355,OMR30
036122000080006,4000356,3321     ,4000356,OMR30
036122000080007,4000357,3321     ,4000357,OMR30
036122000080008,4000358,3321     ,4000358,OMR30
036122000080009,4000359,3321     ,4000359,OMR30
036122000080010,4000360,3321     ,4000360,OMR30
036122000080011,4000361,3321     ,4000361,OMR30
036122000080012,4000362,3321     ,4000362,OMR30
036122000080013,4000363,3321     ,4000363,OMR30
036122000080014,4000364,3321     ,4000364,OMR30
036122000080015,4000365,3321     ,4000365,OMR30
036122000080016,4000366,3321     ,4000366,OMR30
036122000080017,4000367,3321     ,4000367,OMR30
036122000080018,4000368,3321     ,4000368,OMR30
036122000080019,4000369,3321     ,4000369,OMR30
036122000080020,4000370,3321     ,4000370,OMR30
036122000080021,4000371,3321     ,4000371,OMR30
036122000080022,4000372,3321     ,4000372,OMR30
036122000080023,4000373,3321     ,4000373,OMR30
036122000080024,4000374,3321     ,4000374,OMR30
036122000080025,4000375,3321     ,4000375,OMR30
036122000080026,4000376,3321     ,4000376,OMR30
036122000080027,4000377,3321     ,4000377,OMR30
036122000080028,4000378,3321     ,4000378,OMR30
036122000080029,4000379,3321     ,4000379,OMR30
036122000080030,4000380,3321     ,4000380,OMR30
036122000080031,4000381,3321     ,4000381,OMR30
036122000080032,4000382,3321     ,4000382,OMR30
036122000080033,4000383,3321     ,4000383,OMR30
036122000080034,4000384,3321     ,4000384,OMR30
036122000080035,4000385,3321     ,4000385,OMR30
036122000080036,4000386,3321     ,4000386,OMR30
036122000080037,4000387,3321     ,4000387,OMR30
036122000080038,4000388,3321     ,4000388,OMR30
036122000080039,4000389,3321     ,4000389,OMR30
036122000080040,4000390,3321     ,4000390,OMR30
036122000080041,4000391,3321     ,4000391,OMR30
036122000080042,4000392,3321     ,4000392,OMR30
036122000080043,4000393,3321     ,4000393,OMR30
036122000080044,4000394,3321     ,4000394,OMR30
036122000080045,4000395,3321     ,4000395,OMR30
036122000080046,4000396,3321     ,4000396,OMR30
036122000080047,4000397,3321     ,4000397,OMR30
036122000080048,4000398,3321     ,4000398,OMR30
036122000080049,4000399,3321     ,4000399,OMR30
036122000080050,4000400,3321     ,4000400,OMR30
