036122000040001,4000151,3333     ,4000151,OMR30
036122000040002,4000152,3523     ,4000152,OMR30
036122000040003,4000153,3323     ,4000153,OMR30
036122000040004,4000154,3123     ,4000154,OMR30
036122000040005,4000155,3533     ,4000155,OMR30
036122000040006,4000156,3533     ,4000156,OMR30
036122000040007,4000157,3533     ,4000157,OMR30
036122000040008,4000158,3533     ,4000158,OMR30
036122000040009,4000159,3533     ,4000159,OMR30
036122000040010,4000160,3533     ,4000160,OMR30
036122000040011,4000161,3533     ,4000161,OMR30
036122000040012,4000162,3533     ,4000162,OMR30
036122000040013,4000163,3533     ,4000163,OMR30
036122000040014,4000164,3533     ,4000164,OMR30
036122000040015,4000165,3533     ,4000165,OMR30
036122000040016,4000166,3533     ,4000166,OMR30
036122000040017,4000167,3533     ,4000167,OMR30
036122000040018,4000168,3533     ,4000168,OMR30
036122000040019,4000169,3533     ,4000169,OMR30
036122000040020,4000170,3533     ,4000170,OMR30
036122000040021,4000171,3533     ,4000171,OMR30
036122000040022,4000172,3533     ,4000172,OMR30
036122000040023,4000173,3533     ,4000173,OMR30
036122000040024,4000174,3533     ,4000174,OMR30
036122000040025,4000175,3533     ,4000175,OMR30
036122000040026,4000176,3533     ,4000176,OMR30
036122000040027,4000177,3533     ,4000177,OMR30
036122000040028,4000178,3533     ,4000178,OMR30
036122000040029,4000179,3533     ,4000179,OMR30
036122000040030,4000180,3533     ,4000180,OMR30
036122000040031,4000181,3533     ,4000181,OMR30
036122000040032,4000182,3533     ,4000182,OMR30
036122000040033,4000183,3533     ,4000183,OMR30
036122000040034,4000184,3533     ,4000184,OMR30
036122000040035,4000185,3533     ,4000185,OMR30
036122000040036,4000186,3533     ,4000186,OMR30
036122000040037,4000187,3533     ,4000187,OMR30
036122000040038,4000188,3533     ,4000188,OMR30
036122000040039,4000189,3533     ,4000189,OMR30
036122000040040,4000190,3533     ,4000190,OMR30
036122000040041,4000191,3533     ,4000191,OMR30
036122000040042,4000192,3533     ,4000192,OMR30
036122000040043,4000193,3533     ,4000193,OMR30
036122000040044,4000194,3533     ,4000194,OMR30
036122000040045,4000195,3533     ,4000195,OMR30
036122000040046,4000196,3533     ,4000196,OMR30
036122000040047,4000197,3533     ,4000197,OMR30
036122000040048,4000198,3533     ,4000198,OMR30
036122000040049,4000199,3533     ,4000199,OMR30
036122000040050,4000200,3533     ,4000200,OMR30
