036122000060001,4000251,1313     ,4000251,OMR30
036122000060002,4000252,1313     ,4000252,OMR30
036122000060003,4000253,1313     ,4000253,OMR30
036122000060004,4000254,1313     ,4000254,OMR30
036122000060005,4000255,1313     ,4000255,OMR30
036122000060006,4000256,1313     ,4000256,OMR30
036122000060007,4000257,1313     ,4000257,OMR30
036122000060008,4000258,1313     ,4000258,OMR30
036122000060009,4000259,1313     ,4000259,OMR30
036122000060010,4000260,1313     ,4000260,OMR30
036122000060011,4000261,1313     ,4000261,OMR30
036122000060012,4000262,1313     ,4000262,OMR30
036122000060013,4000263,1313     ,4000263,OMR30
036122000060014,4000264,1313     ,4000264,OMR30
036122000060015,4000265,1313     ,4000265,OMR30
036122000060016,4000266,1313     ,4000266,OMR30
036122000060017,4000267,1313     ,4000267,OMR30
036122000060018,4000268,1313     ,4000268,OMR30
036122000060019,4000269,1313     ,4000269,OMR30
036122000060020,4000270,1313     ,4000270,OMR30
036122000060021,4000271,1313     ,4000271,OMR30
036122000060022,4000272,1313     ,4000272,OMR30
036122000060023,4000273,1313     ,4000273,OMR30
036122000060024,4000274,1313     ,4000274,OMR30
036122000060025,4000275,1313     ,4000275,OMR30
036122000060026,4000276,1313     ,4000276,OMR30
036122000060027,4000277,1313     ,4000277,OMR30
036122000060028,4000278,1313     ,4000278,OMR30
036122000060029,4000279,1313     ,4000279,OMR30
036122000060030,4000280,1313     ,4000280,OMR30
036122000060031,4000281,1313     ,4000281,OMR30
036122000060032,4000282,1313     ,4000282,OMR30
036122000060033,4000283,1313     ,4000283,OMR30
036122000060034,4000284,1313     ,4000284,OMR30
036122000060035,4000285,1313     ,4000285,OMR30
036122000060036,4000286,1313     ,4000286,OMR30
036122000060037,4000287,1313     ,4000287,OMR30
036122000060038,4000288,1313     ,4000288,OMR30
036122000060039,4000289,1313     ,4000289,OMR30
036122000060040,4000290,1313     ,4000290,OMR30
036122000060041,4000291,1323     ,4000291,OMR30
036122000060042,4000292,1313     ,4000292,OMR30
036122000060043,4000293,3323     ,4000293,OMR30
036122000060044,4000294,3323     ,4000294,OMR30
036122000060045,4000295,3533     ,4000295,OMR30
036122000060046,4000296,3523     ,4000296,OMR30
036122000060047,4000297,3323     ,4000297,OMR30
036122000060048,4000299,3323     ,4000299,OMR30
036122000060049,4000300,3323     ,4000300,OMR30
036122000060050,4000298,3123     ,4000298,OMR30
