036121000050001,3000201,1331     ,3000201,OMR30
036121000050002,3000202,1313     ,3000202,OMR30
036121000050003,3000203,1331     ,3000203,OMR30
036121000050004,3000204,1331     ,3000204,OMR30
036121000050005,3000205,1331     ,3000205,OMR30
036121000050006,3000206,1331     ,3000206,OMR30
036121000050007,3000207,1331     ,3000207,OMR30
036121000050008,3000208,1331     ,3000208,OMR30
036121000050009,3000210,1313     ,3000210,OMR30
036121000050010,3000211,1331     ,3000211,OMR30
036121000050011,3000212,1331     ,3000212,OMR30
036121000050012,3000213,1313     ,3000213,OMR30
036121000050013,3000214,1331     ,3000214,OMR30
036121000050014,3000215,1331     ,3000215,OMR30
036121000050015,3000216,1331     ,3000216,OMR30
036121000050016,3000217,1313     ,3000217,OMR30
036121000050017,3000218,1313     ,3000218,OMR30
036121000050018,3000219,1331     ,3000219,OMR30
036121000050019,3000220,1331     ,3000220,OMR30
036121000050020,3000221,1331     ,3000221,OMR30
036121000050021,3000222,1331     ,3000222,OMR30
036121000050022,3000223,1331     ,3000223,OMR30
036121000050023,3000224,1313     ,3000224,OMR30
036121000050024,3000225,1331     ,3000225,OMR30
036121000050025,3000226,1331     ,3000226,OMR30
036121000050026,3000227,1331     ,3000227,OMR30
036121000050027,3000228,1331     ,3000228,OMR30
036121000050028,3000229,1331     ,3000229,OMR30
036121000050029,3000230,1331     ,3000230,OMR30
036121000050030,3000231,1331     ,3000231,OMR30
036121000050031,3000232,1331     ,3000232,OMR30
036121000050032,3000233,1331     ,3000233,OMR30
036121000050033,3000234,1331     ,3000234,OMR30
036121000050034,3000235,1331     ,3000235,OMR30
036121000050035,3000236,1331     ,3000236,OMR30
036121000050036,3000237,1331     ,3000237,OMR30
036121000050037,3000238,1331     ,3000238,OMR30
036121000050038,3000239,1331     ,3000239,OMR30
036121000050039,3000240,1331     ,3000240,OMR30
036121000050040,3000241,1331     ,3000241,OMR30
036121000050041,3000242,1331     ,3000242,OMR30
036121000050042,3000243,1331     ,3000243,OMR30
036121000050043,3000244,1331     ,3000244,OMR30
036121000050044,3000245,1331     ,3000245,OMR30
036121000050045,3000246,1331     ,3000246,OMR30
036121000050046,3000209,1321     ,3000209,OMR30
036121000050047,3000247,3131     ,3000247,OMR30
036121000050048,3000248,3333     ,3000248,OMR30
036121000050049,3000249,3333     ,3000249,OMR30
036121000050050,3000250,3131     ,3000250,OMR30
