036122000050001,4000201,3111     ,4000201,OMR30
036122000050002,4000202,3111     ,4000202,OMR30
036122000050003,4000203,3111     ,4000203,OMR30
036122000050004,4000204,5533     ,4000204,OMR30
036122000050005,4000205,1133     ,4000205,OMR30
036122000050006,4000206,3533     ,4000206,OMR30
036122000050007,4000207,6533     ,4000207,OMR30
036122000050008,4000208,3333     ,4000208,OMR30
036122000050009,4000209,3323     ,4000209,OMR30
036122000050010,4000210,1113     ,4000210,OMR30
036122000050011,4000211,3331     ,4000211,OMR30
036122000050012,4000212,5533     ,4000212,OMR30
036122000050013,4000213,3533     ,4000213,OMR30
036122000050014,4000214,3321     ,4000214,OMR30
036122000050015,4000215,3331     ,4000215,OMR30
036122000050016,4000216,5531     ,4000216,OMR30
036122000050017,4000217,5531     ,4000217,OMR30
036122000050018,4000218,5333     ,4000218,OMR30
036122000050019,4000219,3331     ,4000219,OMR30
036122000050020,4000220,3513     ,4000220,OMR30
036122000050021,4000221,3323     ,4000221,OMR30
036122000050022,4000222,5531     ,4000222,OMR30
036122000050023,4000223,3323     ,4000223,OMR30
036122000050024,4000224,5331     ,4000224,OMR30
036122000050025,4000225,5331     ,4000225,OMR30
036122000050026,4000226,5333     ,4000226,OMR30
036122000050027,4000227,5323     ,4000227,OMR30
036122000050028,4000228,1321     ,4000228,OMR30
036122000050029,4000229,1321     ,4000229,OMR30
036122000050030,4000230,1321     ,4000230,OMR30
036122000050031,4000231,1321     ,4000231,OMR30
036122000050032,4000232,1321     ,4000232,OMR30
036122000050033,4000233,1321     ,4000233,OMR30
036122000050034,4000234,1321     ,4000234,OMR30
036122000050035,4000235,1321     ,4000235,OMR30
036122000050036,4000236,1321     ,4000236,OMR30
036122000050037,4000237,1321     ,4000237,OMR30
036122000050038,4000238,1321     ,4000238,OMR30
036122000050039,4000239,1321     ,4000239,OMR30
036122000050040,4000240,1321     ,4000240,OMR30
036122000050041,4000241,1321     ,4000241,OMR30
036122000050042,4000242,1321     ,4000242,OMR30
036122000050043,4000243,1321     ,4000243,OMR30
036122000050044,4000244,1321     ,4000244,OMR30
036122000050045,4000245,1321     ,4000245,OMR30
036122000050046,4000246,1321     ,4000246,OMR30
036122000050047,4000247,1321     ,4000247,OMR30
036122000050048,4000248,1321     ,4000248,OMR30
036122000050049,4000249,1321     ,4000249,OMR30
036122000050050,4000250,1321     ,4000250,OMR30
