036122000070001,4000301,3333     ,4000301,OMR30
036122000070002,4000302,3333     ,4000302,OMR30
036122000070003,4000303,3333     ,4000303,OMR30
036122000070004,4000304,3333     ,4000304,OMR30
036122000070005,4000305,3333     ,4000305,OMR30
036122000070006,4000306,3333     ,4000306,OMR30
036122000070007,4000307,3333     ,4000307,OMR30
036122000070008,4000308,3333     ,4000308,OMR30
036122000070009,4000309,3333     ,4000309,OMR30
036122000070010,4000310,3333     ,4000310,OMR30
036122000070011,4000311,3333     ,4000311,OMR30
036122000070012,4000312,3333     ,4000312,OMR30
036122000070013,4000313,3333     ,4000313,OMR30
036122000070014,4000314,3333     ,4000314,OMR30
036122000070015,4000315,3333     ,4000315,OMR30
036122000070016,4000316,3333     ,4000316,OMR30
036122000070017,4000317,3333     ,4000317,OMR30
036122000070018,4000318,3333     ,4000318,OMR30
036122000070019,4000319,3333     ,4000319,OMR30
036122000070020,4000320,3333     ,4000320,OMR30
036122000070021,4000321,3333     ,4000321,OMR30
036122000070022,4000322,3333     ,4000322,OMR30
036122000070023,4000323,3333     ,4000323,OMR30
036122000070024,4000324,3333     ,4000324,OMR30
036122000070025,4000325,3333     ,4000325,OMR30
036122000070026,4000326,3333     ,4000326,OMR30
036122000070027,4000327,3333     ,4000327,OMR30
036122000070028,4000328,3333     ,4000328,OMR30
036122000070029,4000329,3333     ,4000329,OMR30
036122000070030,4000330,3333     ,4000330,OMR30
036122000070031,4000331,3333     ,4000331,OMR30
036122000070032,4000332,3333     ,4000332,OMR30
036122000070033,4000333,3333     ,4000333,OMR30
036122000070034,4000334,3333     ,4000334,OMR30
036122000070035,4000335,3333     ,4000335,OMR30
036122000070036,4000336,3333     ,4000336,OMR30
036122000070037,4000337,3333     ,4000337,OMR30
036122000070038,4000338,3333     ,4000338,OMR30
036122000070039,4000339,3333     ,4000339,OMR30
036122000070040,4000340,3333     ,4000340,OMR30
036122000070041,4000341,3333     ,4000341,OMR30
036122000070042,4000342,3333     ,4000342,OMR30
036122000070043,4000343,3333     ,4000343,OMR30
036122000070044,4000344,3333     ,4000344,OMR30
036122000070045,4000345,3333     ,4000345,OMR30
036122000070046,4000346,3333     ,4000346,OMR30
036122000070047,4000347,3333     ,4000347,OMR30
036122000070048,4000348,3333     ,4000348,OMR30
036122000070049,4000349,3333     ,4000349,OMR30
036122000070050,4000350,3333     ,4000350,OMR30
