036121000060001,3000251,1313     ,3000251,OMR30
036121000060002,3000252,1313     ,3000252,OMR30
036121000060003,3000253,1313     ,3000253,OMR30
036121000060004,3000254,1313     ,3000254,OMR30
036121000060005,3000255,1313     ,3000255,OMR30
036121000060006,3000257,1321     ,3000257,OMR30
036121000060007,3000256,1321     ,3000256,OMR30
036121000060008,3000258,1321     ,3000258,OMR30
036121000060009,3000259,1321     ,3000259,OMR30
036121000060010,3000260,1521     ,3000260,OMR30
036121000060011,3000261,1321     ,3000261,OMR30
036121000060012,3000263,1321     ,3000263,OMR30
036121000060013,3000264,1321     ,3000264,OMR30
036121000060014,3000265,1321     ,3000265,OMR30
036121000060015,3000266,1321     ,3000266,OMR30
036121000060016,3000267,1321     ,3000267,OMR30
036121000060017,3000268,1321     ,3000268,OMR30
036121000060018,3000269,1321     ,3000269,OMR30
036121000060019,3000270,1321     ,3000270,OMR30
036121000060020,3000271,1321     ,3000271,OMR30
036121000060021,3000272,1321     ,3000272,OMR30
036121000060022,3000273,1321     ,3000273,OMR30
036121000060023,3000274,1321     ,3000274,OMR30
036121000060024,3000275,1321     ,3000275,OMR30
036121000060025,3000276,1321     ,3000276,OMR30
036121000060026,3000277,1321     ,3000277,OMR30
036121000060027,3000278,1321     ,3000278,OMR30
036121000060028,3000279,1321     ,3000279,OMR30
036121000060029,3000280,5323     ,3000280,OMR30
036121000060030,3000281,3313     ,3000281,OMR30
036121000060031,3000282,5323     ,3000282,OMR30
036121000060032,3000283,3313     ,3000283,OMR30
036121000060033,3000284,3313     ,3000284,OMR30
036121000060034,3000285,3313     ,3000285,OMR30
036121000060035,3000286,3333     ,3000286,OMR30
036121000060036,3000287,7521     ,3000287,OMR30
036121000060037,3000288,5321     ,3000288,OMR30
036121000060038,3000289,5321     ,3000289,OMR30
036121000060039,3000290,5321     ,3000290,OMR30
036121000060040,3000291,5321     ,3000291,OMR30
036121000060041,3000292,5321     ,3000292,OMR30
036121000060042,3000293,5321     ,3000293,OMR30
036121000060043,3000294,5321     ,3000294,OMR30
036121000060044,3000295,1313     ,3000295,OMR30
036121000060045,3000296,1313     ,3000296,OMR30
036121000060046,3000297,1313     ,3000297,OMR30
036121000060047,3000298,1313     ,3000298,OMR30
036121000060048,3000299,1313     ,3000299,OMR30
036121000060049,3000300,1313     ,3000300,OMR30
036121000060050,3000262,1521     ,3000262,OMR30
