036121000040001,3000151,9313     ,3000151,OMR30
036121000040002,3000152,9333     ,3000152,OMR30
036121000040003,3000153,1323     ,3000153,OMR30
036121000040004,3000154,1313     ,3000154,OMR30
036121000040005,3000155,5333     ,3000155,OMR30
036121000040006,3000156,5333     ,3000156,OMR30
036121000040007,3000157,1313     ,3000157,OMR30
036121000040008,3000158,1313     ,3000158,OMR30
036121000040009,3000159,5333     ,3000159,OMR30
036121000040010,3000160,6323     ,3000160,OMR30
036121000040011,3000161,1313     ,3000161,OMR30
036121000040012,3000162,1313     ,3000162,OMR30
036121000040013,3000163,3333     ,3000163,OMR30
036121000040014,3000164,3333     ,3000164,OMR30
036121000040015,3000165,3333     ,3000165,OMR30
036121000040016,3000166,3333     ,3000166,OMR30
036121000040017,3000167,1313     ,3000167,OMR30
036121000040018,3000168,3333     ,3000168,OMR30
036121000040019,3000169,5333     ,3000169,OMR30
036121000040020,3000170,8323     ,3000170,OMR30
036121000040021,3000171,7323     ,3000171,OMR30
036121000040022,3000172,9313     ,3000172,OMR30
036121000040023,3000173,3333     ,3000173,OMR30
036121000040024,3000174,3333     ,3000174,OMR30
036121000040025,3000175,3333     ,3000175,OMR30
036121000040026,3000176,1313     ,3000176,OMR30
036121000040027,3000177,3523     ,3000177,OMR30
036121000040028,3000178,3523     ,3000178,OMR30
036121000040029,3000179,3523     ,3000179,OMR30
036121000040030,3000180,3523     ,3000180,OMR30
036121000040031,3000181,3523     ,3000181,OMR30
036121000040032,3000182,3523     ,3000182,OMR30
036121000040033,3000183,3523     ,3000183,OMR30
036121000040034,3000184,3523     ,3000184,OMR30
036121000040035,3000185,3523     ,3000185,OMR30
036121000040036,3000186,3523     ,3000186,OMR30
036121000040037,3000187,3523     ,3000187,OMR30
036121000040038,3000188,3523     ,3000188,OMR30
036121000040039,3000189,3523     ,3000189,OMR30
036121000040040,3000190,3523     ,3000190,OMR30
036121000040041,3000191,3523     ,3000191,OMR30
036121000040042,3000192,3523     ,3000192,OMR30
036121000040043,3000193,3523     ,3000193,OMR30
036121000040044,3000194,3523     ,3000194,OMR30
036121000040045,3000195,3523     ,3000195,OMR30
036121000040046,3000198,3523     ,3000198,OMR30
036121000040047,3000197,5321     ,3000197,OMR30
036121000040048,3000199,5321     ,3000199,OMR30
036121000040049,3000200,7321     ,3000200,OMR30
036121000040050,3000196,6323     ,3000196,OMR30
