036122000100001,4000451,1321     ,4000451,OMR30
036122000100002,4000452,1321     ,4000452,OMR30
036122000100003,4000453,1313     ,4000453,OMR30
036122000100004,4000454,1323     ,4000454,OMR30
036122000100005,4000455,1313     ,4000455,OMR30
036122000100006,4000456,1313     ,4000456,OMR30
036122000100007,4000457,1313     ,4000457,OMR30
036122000100008,4000458,1313     ,4000458,OMR30
036122000100009,4000459,1313     ,4000459,OMR30
036122000100010,4000460,1313     ,4000460,OMR30
036122000100011,4000461,3131     ,4000461,OMR30
036122000100012,4000462,1313     ,4000462,OMR30
036122000100013,4000463,1313     ,4000463,OMR30
036122000100014,4000464,1313     ,4000464,OMR30
036122000100015,4000465,1313     ,4000465,OMR30
036122000100016,4000466,1313     ,4000466,OMR30
036122000100017,4000467,1313     ,4000467,OMR30
036122000100018,4000468,3121     ,4000468,OMR30
036122000100019,4000469,3113     ,4000469,OMR30
036122000100020,4000470,1313     ,4000470,OMR30
036122000100021,4000471,1313     ,4000471,OMR30
036122000100022,4000472,3123     ,4000472,OMR30
036122000100023,4000473,1313     ,4000473,OMR30
036122000100024,4000474,1313     ,4000474,OMR30
036122000100025,4000475,1313     ,4000475,OMR30
036122000100026,4000476,1323     ,4000476,OMR30
036122000100027,4000477,1313     ,4000477,OMR30
036122000100028,4000478,1313     ,4000478,OMR30
036122000100029,4000479,1313     ,4000479,OMR30
036122000100030,4000480,1313     ,4000480,OMR30
036122000100031,4000481,3133     ,4000481,OMR30
036122000100032,4000482,1313     ,4000482,OMR30
036122000100033,4000483,1313     ,4000483,OMR30
036122000100034,4000484,1313     ,4000484,OMR30
036122000100035,4000485,1313     ,4000485,OMR30
036122000100036,4000486,3113     ,4000486,OMR30
036122000100037,4000487,1313     ,4000487,OMR30
036122000100038,4000488,1313     ,4000488,OMR30
036122000100039,4000489,1313     ,4000489,OMR30
036122000100040,4000490,1313     ,4000490,OMR30
036122000100041,4000491,1313     ,4000491,OMR30
036122000100042,4000492,1313     ,4000492,OMR30
036122000100043,4000493,1313     ,4000493,OMR30
036122000100044,4000494,1313     ,4000494,OMR30
036122000100045,4000495,1313     ,4000495,OMR30
036122000100046,4000496,1313     ,4000496,OMR30
036122000100047,4000497,1313     ,4000497,OMR30
036122000100048,4000498,1313     ,4000498,OMR30
036122000100049,4000499,1313     ,4000499,OMR30
036122000100050,4000500,1313     ,4000500,OMR30
