036122000030001,4000101,1323     ,4000101,OMR30
036122000030002,4000102,1323     ,4000102,OMR30
036122000030003,4000103,1323     ,4000103,OMR30
036122000030004,4000104,1323     ,4000104,OMR30
036122000030005,4000105,1323     ,4000105,OMR30
036122000030006,4000106,1323     ,4000106,OMR30
036122000030007,4000107,1323     ,4000107,OMR30
036122000030008,4000108,1323     ,4000108,OMR30
036122000030009,4000109,1323     ,4000109,OMR30
036122000030010,4000110,1323     ,4000110,OMR30
036122000030011,4000111,1323     ,4000111,OMR30
036122000030012,4000112,1323     ,4000112,OMR30
036122000030013,4000113,1323     ,4000113,OMR30
036122000030014,4000114,1323     ,4000114,OMR30
036122000030015,4000115,1323     ,4000115,OMR30
036122000030016,4000116,1323     ,4000116,OMR30
036122000030017,4000117,1323     ,4000117,OMR30
036122000030018,4000118,1323     ,4000118,OMR30
036122000030019,4000119,1323     ,4000119,OMR30
036122000030020,4000120,1323     ,4000120,OMR30
036122000030021,4000121,1323     ,4000121,OMR30
036122000030022,4000122,1323     ,4000122,OMR30
036122000030023,4000123,1323     ,4000123,OMR30
036122000030024,4000124,1323     ,4000124,OMR30
036122000030025,4000125,1323     ,4000125,OMR30
036122000030026,4000126,1323     ,4000126,OMR30
036122000030027,4000127,1323     ,4000127,OMR30
036122000030028,4000128,1323     ,4000128,OMR30
036122000030029,4000129,1323     ,4000129,OMR30
036122000030030,4000130,1323     ,4000130,OMR30
036122000030031,4000131,1323     ,4000131,OMR30
036122000030032,4000132,1323     ,4000132,OMR30
036122000030033,4000133,1323     ,4000133,OMR30
036122000030034,4000134,1323     ,4000134,OMR30
036122000030035,4000135,1323     ,4000135,OMR30
036122000030036,4000136,1323     ,4000136,OMR30
036122000030037,4000137,1323     ,4000137,OMR30
036122000030038,4000138,1323     ,4000138,OMR30
036122000030039,4000139,1323     ,4000139,OMR30
036122000030040,4000140,1323     ,4000140,OMR30
036122000030041,4000141,1323     ,4000141,OMR30
036122000030042,4000142,1323     ,4000142,OMR30
036122000030043,4000143,1323     ,4000143,OMR30
036122000030044,4000144,1323     ,4000144,OMR30
036122000030045,4000145,1323     ,4000145,OMR30
036122000030046,4000146,1323     ,4000146,OMR30
036122000030047,4000147,1323     ,4000147,OMR30
036122000030048,4000148,1323     ,4000148,OMR30
036122000030049,4000149,1323     ,4000149,OMR30
036122000030050,4000150,1323     ,4000150,OMR30
