226122000010001,3802901,1133,3802901,OMR01
226122000010002,3802902,1233,3802902,OMR01
226122000010003,3802903,1234,3802903,OMR01
226122000010004,3802904,1234,3802904,OMR01
226122000010005,3802905,1234,3802905,OMR01
226122000010006,3802906,1234,3802906,OMR01
226122000010007,3802907,1234,3802907,OMR01
226122000010008,3802908,1231,3802908,OMR01
226122000010009,3802909,1234,3802909,OMR01
226122000010010,3802910,1234,3802910,OMR01
226122000010011,3802911,1234,3802911,OMR01
226122000010012,3802912,1234,3802912,OMR01
226122000010013,3802913,1134,3802913,OMR01
226122000010014,3802914,1234,3802914,OMR01
226122000010015,3802915,1234,3802915,OMR01
226122000010016,3802916,1234,3802916,OMR01
226122000010017,3802917,1234,3802917,OMR01
226122000010018,3802918,1234,3802918,OMR01
226122000010019,3802919,1234,3802919,OMR01
226122000010020,3802920,1234,3802920,OMR01
226122000010021,3802921,1232,3802921,OMR01
226122000010022,3802922,1234,3802922,OMR01
226122000010023,3802923,1234,3802923,OMR01
226122000010024,3802924,1234,3802924,OMR01
226122000010025,3802925,1234,3802925,OMR01
226122000010026,3802926,1234,3802926,OMR01
226122000010027,3802927,1234,3802927,OMR01
226122000010028,3802928,1234,3802928,OMR01
226122000010029,3802929,1234,3802929,OMR01
226122000010030,3802930,1234,3802930,OMR01
226122000010031,3802931,1234,3802931,OMR01
226122000010032,3802932,1234,3802932,OMR01
226122000010033,3802933,1234,3802933,OMR01
226122000010034,3802934,1234,3802934,OMR01
226122000010035,3802935,1234,3802935,OMR01
226122000010036,3802936,1221,3802936,OMR01
226122000010037,3802937,1234,3802937,OMR01
226122000010038,3802938,1234,3802938,OMR01
226122000010039,3802939,1234,3802939,OMR01
226122000010040,3802940,1234,3802940,OMR01
226122000010041,3802941,1234,3802941,OMR01
226122000010042,3802942,1234,3802942,OMR01
226122000010043,3802943,1234,3802943,OMR01
226122000010044,3802944,1234,3802944,OMR01
226122000010045,3802945,1234,3802945,OMR01
226122000010046,3802946,1234,3802946,OMR01
226122000010047,3802947,1234,3802947,OMR01
226122000010048,3802948,1234,3802948,OMR01
226122000010049,3802949,1222,3802949,OMR01
226122000010050,3802950,1331,3802950,OMR01
