226121000010001,4802901,1133,4802901,OMR01
226121000010002,4802902,1233,4802902,OMR01
226121000010003,4802903,1234,4802903,OMR01
226121000010004,4802904,1234,4802904,OMR01
226121000010005,4802905,1234,4802905,OMR01
226121000010006,4802906,1234,4802906,OMR01
226121000010007,4802907,1234,4802907,OMR01
226121000010008,4802908,1231,4802908,OMR01
226121000010009,4802909,1234,4802909,OMR01
226121000010010,4802910,1234,4802910,OMR01
226121000010011,4802911,1234,4802911,OMR01
226121000010012,4802912,1234,4802912,OMR01
226121000010013,4802913,1134,4802913,OMR01
226121000010014,4802914,1234,4802914,OMR01
226121000010015,4802915,1234,4802915,OMR01
226121000010016,4802916,1234,4802916,OMR01
226121000010017,4802917,1234,4802917,OMR01
226121000010018,4802918,1234,4802918,OMR01
226121000010019,4802919,1234,4802919,OMR01
226121000010020,4802920,1234,4802920,OMR01
226121000010021,4802921,1232,4802921,OMR01
226121000010022,4802922,1234,4802922,OMR01
226121000010023,4802923,1234,4802923,OMR01
226121000010024,4802924,1234,4802924,OMR01
226121000010025,4802925,1234,4802925,OMR01
226121000010026,4802926,1234,4802926,OMR01
226121000010027,4802927,1234,4802927,OMR01
226121000010028,4802928,1234,4802928,OMR01
226121000010029,4802929,1234,4802929,OMR01
226121000010030,4802930,1234,4802930,OMR01
226121000010031,4802931,1234,4802931,OMR01
226121000010032,4802932,1234,4802932,OMR01
226121000010033,4802933,1234,4802933,OMR01
226121000010034,4802934,1234,4802934,OMR01
226121000010035,4802935,1234,4802935,OMR01
226121000010036,4802936,1221,4802936,OMR01
226121000010037,4802937,1234,4802937,OMR01
226121000010038,4802938,1234,4802938,OMR01
226121000010039,4802939,1234,4802939,OMR01
226121000010040,4802940,1234,4802940,OMR01
226121000010041,4802941,1234,4802941,OMR01
226121000010042,4802942,1234,4802942,OMR01
226121000010043,4802943,1234,4802943,OMR01
226121000010044,4802944,1234,4802944,OMR01
226121000010045,4802945,1234,4802945,OMR01
226121000010046,4802946,1234,4802946,OMR01
226121000010047,4802947,1234,4802947,OMR01
226121000010048,4802948,1234,4802948,OMR01
226121000010049,4802949,1222,4802949,OMR01
226121000010050,4802950,1331,4802950,OMR01
